1.561860	-2.549050	-1.986380	-0.306840	-1.000620	3.526670	2.626010	-0.309510	1.324960	-2.263760	-1.000000
3.890450	-0.028520	2.206500	1.205110	0.128920	1.163630	1.418550	-1.305470	-2.318540	-1.403950	-1.000000
-1.856260	-1.380710	-0.075500	-2.909920	-2.752060	-0.231950	-1.104570	-1.116430	-2.354460	-1.434110	1.000000
-1.587780	-2.075480	0.007380	-4.241540	0.918510	-5.618220	0.978350	0.061430	4.337600	-1.501290	1.000000
2.150520	5.262690	-1.267880	-2.684780	-1.150780	-0.363600	0.742340	1.315260	-2.770290	-0.148570	1.000000
0.317320	1.146710	1.448130	-0.106120	-3.850630	-2.159690	-1.397760	2.740560	-0.765250	-2.123620	1.000000
-4.120630	-1.829060	-1.994260	1.216810	-2.385010	-0.554710	3.166120	-3.608610	0.398530	1.948740	-1.000000
1.917730	-0.562550	2.514670	0.521580	1.323750	0.798350	-0.168210	-1.491780	0.130980	0.261040	-1.000000
2.476680	1.917070	3.073970	3.114990	1.302580	-1.619780	0.268270	-2.121830	1.751200	-1.062010	-1.000000
-0.289470	0.683820	0.280250	3.233300	1.194890	0.733960	-0.877600	-1.336550	1.143210	2.536900	-1.000000
0.497770	-3.309770	0.413230	2.781860	-3.432000	1.502770	-3.000690	0.548630	1.351860	-0.588340	-1.000000
-2.302070	1.691800	0.156970	-1.434400	-3.435790	1.675590	-3.117180	-4.647020	4.575500	-1.598200	1.000000
3.055140	0.689460	0.346940	1.392350	2.592840	4.208190	-2.150340	1.364290	-0.564540	-0.359950	-1.000000
1.905180	8.265890	-0.766410	-2.516130	-1.722810	2.613230	2.130230	-1.136570	-1.551700	-1.311670	1.000000
-0.558520	3.531320	-0.270760	-4.867560	2.883530	1.255620	-3.773780	3.859160	-2.762400	-3.149150	1.000000
-0.933740	0.894160	-0.178750	-3.520730	-1.826270	-2.735580	2.222320	-4.259570	0.166560	-2.051290	1.000000
-0.492420	0.721060	1.991910	3.705040	-1.941750	-1.085450	0.465380	1.804470	-0.315040	-2.173070	-1.000000
0.307450	-1.396220	-1.269070	3.168680	1.822490	0.365180	0.355430	2.197800	-2.731070	0.571490	-1.000000
-1.950630	-3.589710	-2.046760	-1.839910	1.451980	-1.038630	0.638020	-0.547350	-0.269070	1.301280	-1.000000
-0.559490	0.964490	-2.450590	-2.129540	-5.604780	-1.752240	2.544510	4.324130	0.315930	-1.078900	1.000000
-0.107410	1.573110	0.947080	-2.465530	-0.371200	-0.956250	-0.953450	-1.911280	-0.222430	-4.908530	1.000000
1.684670	-0.557950	2.568720	0.453880	1.270410	1.322230	0.537250	1.010540	-3.613950	-1.525370	-1.000000
1.553630	5.727990	0.303990	-2.606740	-0.654950	0.546870	-1.712980	2.267050	-1.240640	-0.708230	1.000000
0.532510	-0.075910	0.449780	2.404940	2.422430	3.102420	2.950980	-2.996430	-2.250870	0.393580	-1.000000
-0.008070	0.775770	-2.755110	0.712540	0.063510	-1.120860	0.899610	0.105440	-1.325110	1.460780	-1.000000
1.553010	0.383960	-0.304340	-3.070550	-2.872600	-1.623800	-0.086980	-2.494050	-4.351760	2.451050	1.000000
3.113990	-1.356500	-1.474880	-3.184840	-4.345360	-1.295540	-1.972730	2.874940	-0.095570	0.825670	1.000000
0.239490	2.865360	2.501910	-2.932220	0.309660	-2.905240	-1.271880	-0.118070	1.627070	0.461040	1.000000
-0.348330	1.422620	-0.106230	-2.747640	-1.658630	1.670120	-2.969050	2.076760	-0.631510	-3.734940	1.000000
-0.657360	1.621190	0.648260	0.439380	3.612480	-0.108780	1.624200	1.408010	1.698770	0.398880	-1.000000
-0.165120	1.860120	2.121030	-1.191290	-3.941530	-0.214280	0.767290	0.111050	-1.146310	-0.874680	1.000000
1.244170	-2.019090	-3.028420	-6.080340	0.294590	-2.659800	1.308770	1.825910	2.905840	-1.031640	1.000000
-0.181320	0.148170	-0.979550	-3.375840	-2.842640	-1.952950	-0.187670	0.403610	-3.640650	-0.989030	1.000000
-4.473490	-3.046980	4.353420	0.838580	1.901330	-2.275010	1.903570	5.175120	-1.505830	-0.799160	-1.000000
-2.615370	4.558480	-1.720820	-1.220510	-2.680590	-1.971170	-2.792190	-3.025540	1.007380	-3.065180	1.000000
0.059020	-2.905830	0.536110	-5.374160	1.141410	-1.282550	-2.084030	1.255450	1.632390	-1.792550	1.000000
-1.464120	-1.592290	1.289710	-4.639200	-2.464030	-5.631380	-0.218400	0.153910	0.686330	0.798370	1.000000
-0.585900	1.201600	-0.485220	-2.088910	-2.484410	-0.794350	0.277180	-3.001730	-0.327720	-0.408610	1.000000
-0.275420	2.377330	-2.555960	-2.785080	-2.829910	-0.449000	-1.655600	0.859700	-3.465100	0.846220	1.000000
1.210190	2.866440	1.275530	1.333070	-0.528160	-0.897760	2.054010	-1.949810	-1.343850	1.255370	-1.000000
1.383300	-0.450660	-0.560650	3.273950	0.084560	1.429880	1.542630	-1.393620	-2.221370	-1.616560	-1.000000
-2.659770	1.033710	1.933220	-2.196800	1.616510	0.033000	-2.389350	1.542510	-2.383340	-5.845770	1.000000
0.623240	2.328650	-0.663010	4.088970	0.930600	1.484960	0.255950	-3.891900	0.166620	0.741100	-1.000000
1.164160	0.186550	-0.432800	2.160400	-0.483580	-1.806850	1.632040	1.742930	1.306270	3.000780	-1.000000
3.644610	4.380050	-2.894440	1.172780	4.083150	1.375730	-2.619700	-0.266570	-1.271530	-1.206550	-1.000000
-1.900310	0.776690	-1.402470	1.097780	0.781480	0.930020	-1.049410	-0.927930	-1.495970	-0.872570	-1.000000
1.791060	-0.777310	-1.626580	1.399830	1.836730	1.112020	-2.058700	-1.513430	3.836830	3.358510	-1.000000
0.172790	0.754650	0.738480	2.870080	2.157550	3.540580	-1.424290	-0.608570	0.676010	1.676420	-1.000000
-1.918630	1.890190	-0.174300	4.188100	-0.892360	-2.042990	-0.768530	-1.311280	1.224460	0.372740	-1.000000
3.530800	6.126690	0.432410	3.231130	-1.382570	-1.442720	2.406340	-1.023780	-0.614510	1.464350	-1.000000
-1.565090	1.384640	0.556120	-0.549900	-0.213650	3.189230	1.270870	-5.226040	3.174320	3.038940	-1.000000
-3.622820	2.110860	1.485470	2.061900	0.158990	0.331350	-1.404080	-0.547750	-0.363390	0.437760	-1.000000
-3.696510	1.805730	-0.648750	-1.971120	-1.503540	-3.430520	-2.450280	1.078990	-0.337890	0.458730	1.000000
0.920040	0.902800	-1.656660	1.990590	0.925630	2.419550	-2.489980	1.139440	0.294230	-1.658260	-1.000000
-0.612470	-3.350140	0.667290	-4.570670	1.367360	-5.854410	-1.634340	1.437160	-2.113770	-0.798250	1.000000
-0.204640	-2.614280	0.977610	-0.121320	1.824190	3.104460	-0.283470	-1.461900	0.156830	0.516510	-1.000000
-2.390240	2.906220	-2.486770	-5.741130	-1.302270	1.703720	3.434120	-1.674850	2.298470	-0.310970	1.000000
-1.114830	0.023110	0.598140	-4.745920	-2.117750	-0.185960	-0.207510	1.262180	2.139920	-3.891410	1.000000
-2.657790	-1.175360	-0.714470	0.213000	-1.900210	2.780230	1.565250	-1.416420	-2.503780	0.517090	-1.000000
2.089720	1.140000	-2.447050	-3.291460	-2.170580	-3.152260	1.285040	-3.504820	-3.994840	-0.926130	1.000000
3.157070	1.894500	-0.735930	2.429350	-1.369670	-0.927330	7.053010	-0.883430	1.970840	-0.083210	-1.000000
0.155640	0.702820	1.808180	-3.263510	-2.656680	2.742500	-1.035350	-1.257740	-1.639060	0.682040	1.000000
0.224390	1.848700	1.743710	-0.348920	4.758840	2.600580	0.141310	-1.204940	-0.878210	-1.335710	-1.000000
-2.552530	3.110920	1.239900	-1.651970	-3.335030	-4.952200	-4.848080	-1.527400	-1.747270	0.062360	1.000000
0.775690	0.036520	-4.073860	-3.111070	-0.604420	0.178440	-4.358510	-0.032090	-2.083450	-3.888540	1.000000
-2.777760	-2.606520	-1.479500	-2.890150	-3.547460	-3.660460	-0.897960	1.644390	-1.893520	-0.598110	1.000000
-0.451630	3.463600	-0.275160	-2.768500	-1.353770	0.030260	-2.279650	-0.844330	-2.227620	-0.887280	1.000000
-2.221040	-1.334620	-4.002810	-0.985350	0.510880	1.030220	-2.417270	-0.606210	0.762450	4.074930	-1.000000
-2.744730	-0.455720	-1.940660	2.937250	1.390280	0.754310	-0.726800	1.559410	0.996070	-2.431730	-1.000000
-1.870440	0.603430	2.489090	-3.717000	-3.362240	0.406900	1.738230	-3.530710	0.635970	0.262280	1.000000
-0.787330	-1.977990	-0.197250	-0.041550	0.513930	-0.641160	0.625260	0.001650	-1.959270	4.890700	-1.000000
0.912460	-0.452370	1.223850	0.724970	1.195970	-0.688830	2.240450	-5.099310	1.536850	-1.812180	-1.000000
0.630860	0.647890	4.665710	-2.101020	-3.637120	0.370560	1.831910	-3.140940	-0.906820	-2.745550	1.000000
1.339770	3.407710	-0.441700	-3.606720	0.613410	0.537010	-4.103700	1.826870	1.743380	-1.484110	1.000000
0.574760	1.239170	-1.106470	2.349120	-2.751890	1.184270	3.001740	-0.460840	-0.460980	0.825260	-1.000000
5.464970	0.425060	0.535450	-3.285420	0.779300	-1.548790	2.211590	-0.151880	2.523400	-5.448930	1.000000
-3.266420	0.825870	-3.453840	2.171520	-0.132900	-0.862860	-3.490870	0.606830	-3.051490	2.531760	-1.000000
3.469590	-0.393230	-2.201630	-2.432480	-0.598970	-2.539470	-0.993440	3.719860	2.319780	-4.614070	1.000000
-2.385550	2.001550	-1.021740	-1.654030	-2.489480	0.305560	0.621580	2.456310	1.219240	-5.644380	1.000000
0.398960	-0.330200	2.053380	1.828570	0.732510	0.657170	2.604150	2.699080	-0.607960	0.678410	-1.000000
0.023700	0.902250	-0.083330	1.414000	-0.429620	-2.047960	0.889690	1.719230	-2.777470	1.382900	-1.000000
-2.914940	-0.455820	0.894560	-2.971420	-4.550980	1.012010	-0.660550	1.853730	2.517670	-3.340210	1.000000
-2.008200	3.072820	-0.454350	-2.333350	-0.376680	-3.106100	-1.439050	-1.199580	-0.356320	0.672430	1.000000
1.790360	0.561460	0.130580	0.308870	3.366800	1.335160	0.068720	-1.162020	0.668070	1.108140	-1.000000
1.273280	-1.162080	-2.474350	-0.625080	0.183450	4.306480	1.818050	0.729170	-2.941800	1.013740	-1.000000
-1.651530	0.555750	-0.710370	-4.884420	-3.193890	-1.935800	0.772510	0.696990	0.188220	-2.277780	1.000000
1.395730	0.221540	-2.778890	1.917890	-0.678350	0.913860	1.219390	0.817290	-0.457800	0.180200	-1.000000
3.594330	2.477850	2.864390	-2.833110	-3.318640	-0.873170	-0.342940	3.292650	-0.287440	-2.804040	1.000000
2.142080	0.875170	-1.818590	0.210390	-1.797410	1.718700	3.605070	-2.063750	-3.037910	-0.259420	-1.000000
-0.666680	-1.318950	0.909700	0.942240	2.367980	-1.428930	2.105930	-0.329490	2.326270	0.372790	-1.000000
0.495770	0.586070	2.748090	-4.747190	-2.748090	1.832150	2.571870	-0.291880	-2.615770	1.100020	1.000000
-3.449180	0.106060	-0.632890	-2.095220	-0.486760	0.338880	-4.241440	-1.342260	-3.787670	-2.145800	1.000000
0.808740	-1.895710	0.383040	-1.090050	-1.392540	5.129280	0.063570	2.690310	1.559940	-0.067070	-1.000000
-3.471070	-1.395810	0.146390	-2.488150	-2.725780	-2.579560	1.202610	0.385650	-1.101390	-0.700180	1.000000
-1.435120	1.665590	-1.096580	-2.902330	-3.593640	-2.435810	-0.008110	1.129350	-0.741950	2.959780	1.000000
-3.089990	-3.597240	5.582670	-0.735720	5.169490	3.416670	-0.972990	-0.678840	0.981830	-0.392830	-1.000000
-0.179850	1.501630	0.665280	1.899920	0.796470	-1.607270	0.317520	-0.064670	-0.519610	3.711410	-1.000000
-3.814500	0.891670	-2.159840	-3.806820	-4.758780	-0.789570	-0.283290	0.452590	-1.571720	0.159970	1.000000
-2.112760	-1.913910	-0.638890	-3.530880	-2.243570	-1.222430	0.652780	2.756000	-3.452340	-1.290360	1.000000
-2.507870	-1.029660	0.527400	3.155350	-3.287350	1.442500	1.939970	-0.315160	1.141980	0.641070	-1.000000
